1642031191.07 4.43 2.78 1.65
1642031191.16 12.74 7.5600000000000005 5.18
1642031191.25 22.55 12.96 9.59
1642031191.35 32.09 18.020000000000003 14.07
1642031191.44 38.78 21.400000000000002 17.38
1642031191.54 41.81 22.990000000000002 18.82
1642031191.63 43.29 23.83 19.46
1642031191.73 44.62 24.639999999999997 19.98
1642031191.83 45.32 24.82 20.5
1642031191.92 45.77 24.810000000000002 20.96
1642031192.02 39.23 19.15 20.08
1642031192.11 28.76 11.860000000000003 16.9
1642031192.2 17.96 5.510000000000002 12.45
1642031192.3 8.78 1.5799999999999992 7.2
1642031192.39 2.84 0.16999999999999993 2.67
1642031193.45 3.31 2.51 0.8
1642031193.54 8.18 5.8 2.38
1642031193.63 15.04 9.87 5.17
1642031193.73 23.84 15.16 8.68
1642031193.82 32.79 19.97 12.82
1642031193.92 57.64 29.45 28.19
1642031194.24 59.22 30.709999999999997 28.51
1642031194.32 58.88 30.85 28.03
1642031194.41 58.94 30.939999999999998 28.0
1642031194.5 59.24 31.28 27.96
1642031194.59 59.13 31.6 27.53
1642031194.68 56.3 30.24 26.06
1642031194.77 51.83 27.74 24.09
1642031194.87 46.11 24.31 21.8
1642031194.97 36.13 18.140000000000004 17.99
1642031195.06 22.98 10.690000000000001 12.29
1642031195.15 12.81 5.66 7.15
1642031195.25 6.5 2.84 3.66
1642031195.36 3.71 1.6600000000000001 2.05
1642031195.44 2.48 0.94 1.54
1642031196.4 2.61 1.0799999999999998 1.53
1642031196.71 3.5 1.63 1.87
1642031196.79 4.09 2.03 2.06
1642031196.97 25.48 21.62 3.86
1642031197.4 51.76 28.79 22.97
1642031197.49 63.14 34.7 28.44
1642031197.58 71.66 39.13999999999999 32.52
1642031197.68 77.11 41.53 35.58
1642031197.77 80.13 42.62 37.51
1642031197.87 81.36 42.76 38.6
1642031197.97 80.77 41.919999999999995 38.85
1642031198.06 78.99 40.55 38.44
1642031198.15 76.64 39.14 37.5
1642031198.25 75.44 39.14 36.3
1642031198.34 75.35 39.60999999999999 35.74
1642031198.45 76.19 40.449999999999996 35.74
1642031198.53 77.52 41.05 36.47
1642031198.63 77.78 41.050000000000004 36.73
1642031198.72 76.33 39.92 36.41
1642031198.82 73.67 38.260000000000005 35.41
1642031198.92 70.98 38.27 32.71
1642031199.34 65.0 33.96 31.04
1642031199.44 51.54 25.39 26.15
1642031199.53 33.17 15.450000000000003 17.72
1642031199.62 15.89 6.450000000000001 9.44
