249711.0
249724.0
249826.0
249738.0
249768.0
249785.0
249750.0
249725.0
249708.0
250093.0
242957.0
224456.0
71669.0
-391514.0
-740629.0
-967289.0
-919232.0
-918414.0
-943415.0
-959613.0
-952778.0
-938096.0
-921458.0
-996423.0
-1012345.0
-1009972.0
-990071.0
-977987.0
-964454.0
-969130.0
-505262.0
225807.0
252193.0
251082.0
250782.0
250670.0
250565.0
250533.0
250129.0
250033.0
248563.0
244041.0
243349.0
225872.0
213953.0
217409.0
192436.0
26346.0
-343187.0
-439194.0
-464905.0
-462822.0
-466543.0
-470594.0
-467964.0
-469754.0
-470308.0
-466710.0
-465856.0
-452267.0
239876.0
250635.0
249886.0
249558.0
249989.0
249929.0
249707.0
249661.0
249430.0
250013.0
249083.0
242677.0
236584.0
234678.0
229326.0
207512.0
95112.0
-156818.0
-291926.0
-321836.0
-339407.0
-358480.0
-370823.0
-387612.0
-387676.0
-403308.0
-394236.0
246353.0
253062.0
252234.0
251795.0
251618.0
251400.0
251422.0
251601.0
249578.0
230369.0
191404.0
-26928.0
-442028.0
-811812.0
-977283.0
-942855.0
-985586.0
-1018476.0
-1027141.0
-1019384.0
-998515.0
-979283.0
-981241.0
-235562.0
253100.0
251091.0
250427.0
250192.0
250349.0
250254.0
